p, g, q, Energy
0.05, 0.1, 0, 8.589131725009619
0.05, 0.1, 0.05, 8.793616141742893
0.05, 0.1, 0.1, 8.829606087736371
0.05, 0.1, 0.15, 9.304202935009602
0.05, 0.1, 0.2, 10.142830440734848
0.05, 0.1, 0.25, 10.797381540253754
0.05, 0.1, 0.3, 12.049490924943415
0.05, 0.1, 0.35, 13.273851561585033
0.05, 0.1, 0.4, 14.914589066542154
0.05, 0.1, 0.45, 16.309438745326485
0.05, 0.1, 0.5, 18.268936358465922
0.05, 0.1, 0.55, 19.801266287182536
0.05, 0.1, 0.6, 22.627889686092054
0.05, 0.1, 0.65, 23.982067430914856
0.05, 0.1, 0.7, 26.778962774230486
0.05, 0.1, 0.75, 29.000322602095622
0.05, 0.1, 0.8, 31.06170394428766
0.05, 0.1, 0.85, 34.06096791820733
0.05, 0.1, 0.9, 36.462927252742546
0.05, 0.1, 0.95, 38.89326271157976
0.05, 0.1, 1, 41.833450495475034
0.05, 0.1, 1.05, 46.68806708278687
0.05, 0.1, 1.1, 48.61887226225405
0.05, 0.15, 0, 9.76040526495171
0.05, 0.15, 0.05, 9.452541260079823
0.05, 0.15, 0.1, 9.475375450882797
0.05, 0.15, 0.15, 9.896651948382171
0.05, 0.15, 0.2, 10.674861740505971
0.05, 0.15, 0.25, 11.671323286432488
0.05, 0.15, 0.3, 12.98034656157302
0.05, 0.15, 0.35, 14.306526949134817
0.05, 0.15, 0.4, 15.553343650441139
0.05, 0.15, 0.45, 17.241169020559806
0.05, 0.15, 0.5, 19.006921745985327
0.05, 0.15, 0.55, 21.09889241242304
0.05, 0.15, 0.6, 22.232461762176417
0.05, 0.15, 0.65, 24.646891463641733
0.05, 0.15, 0.7, 26.707086198290924
0.05, 0.15, 0.75, 30.213997964132506
0.05, 0.15, 0.8, 32.328640164590496
0.05, 0.15, 0.85, 35.8283324962738
0.05, 0.15, 0.9, 37.52521169800003
0.05, 0.15, 0.95, 38.97756612483367
0.05, 0.15, 1, 42.61277424937335
0.05, 0.15, 1.05, 45.6088230505326
0.05, 0.15, 1.1, 49.067135870347684
0.05, 0.2, 0, 9.744591360852386
0.05, 0.2, 0.05, 10.055968795578378
0.05, 0.2, 0.1, 10.528927067405144
0.05, 0.2, 0.15, 10.694626572598933
0.05, 0.2, 0.2, 11.25348037827768
0.05, 0.2, 0.25, 12.218796035186978
0.05, 0.2, 0.3, 14.196223676114188
0.05, 0.2, 0.35, 14.564011937637547
0.05, 0.2, 0.4, 16.591201290658894
0.05, 0.2, 0.45, 17.723079410266596
0.05, 0.2, 0.5, 19.547500650415092
0.05, 0.2, 0.55, 21.76902228869993
0.05, 0.2, 0.6, 22.98445881336182
0.05, 0.2, 0.65, 25.47076083359006
0.05, 0.2, 0.7, 27.519693861717066
0.05, 0.2, 0.75, 30.41957632151756
0.05, 0.2, 0.8, 32.35823823392964
0.05, 0.2, 0.85, 35.881306715261466
0.05, 0.2, 0.9, 38.6029298478448
0.05, 0.2, 0.95, 40.679730088544225
0.05, 0.2, 1, 45.122413959470244
0.05, 0.2, 1.05, 45.97945583035896
0.05, 0.2, 1.1, 48.892463820700065
0.05, 0.25, 0, 10.499967725184973
0.05, 0.25, 0.05, 11.07962869229196
0.05, 0.25, 0.1, 10.957099214217491
0.05, 0.25, 0.15, 11.835409268766591
0.05, 0.25, 0.2, 12.057751936318661
0.05, 0.25, 0.25, 12.821824470636669
0.05, 0.25, 0.3, 14.193077742188395
0.05, 0.25, 0.35, 15.229101463592873
0.05, 0.25, 0.4, 17.45388255674073
0.05, 0.25, 0.45, 18.911140621423275
0.05, 0.25, 0.5, 20.338735623562705
0.05, 0.25, 0.55, 21.96695384000355
0.05, 0.25, 0.6, 24.479928607716353
0.05, 0.25, 0.65, 26.04565889538785
0.05, 0.25, 0.7, 28.722787125814513
0.05, 0.25, 0.75, 31.362948499789717
0.05, 0.25, 0.8, 34.45579574195349
0.05, 0.25, 0.85, 36.06042611666165
0.05, 0.25, 0.9, 38.35855107218987
0.05, 0.25, 0.95, 40.792166152118114
0.05, 0.25, 1, 42.92870010814994
0.05, 0.25, 1.05, 48.18113435127856
0.05, 0.25, 1.1, 51.61713694212894
0.05, 0.3, 0, 11.83534314863299
0.05, 0.3, 0.05, 10.744758364707675
0.05, 0.3, 0.1, 11.2839182016878
0.05, 0.3, 0.15, 12.287786116644465
0.05, 0.3, 0.2, 11.944696567340513
0.05, 0.3, 0.25, 13.717103549052704
0.05, 0.3, 0.3, 14.587406120492421
0.05, 0.3, 0.35, 15.869773324599173
0.05, 0.3, 0.4, 17.457006531692695
0.05, 0.3, 0.45, 19.39461989362733
0.05, 0.3, 0.5, 21.452741991252044
0.05, 0.3, 0.55, 23.563756162737846
0.05, 0.3, 0.6, 26.454957064260796
0.05, 0.3, 0.65, 28.30426448492904
0.05, 0.3, 0.7, 29.79149836498588
0.05, 0.3, 0.75, 31.666479205704984
0.05, 0.3, 0.8, 33.559364726016696
0.05, 0.3, 0.85, 36.45053828384736
0.05, 0.3, 0.9, 40.19106550797521
0.05, 0.3, 0.95, 41.6167578007537
0.05, 0.3, 1, 45.509226565346225
0.05, 0.3, 1.05, 48.9456713796413
0.05, 0.3, 1.1, 52.26999124338618
0.05, 0.35, 0, 10.981992974978283
0.05, 0.35, 0.05, 11.746337250315474
0.05, 0.35, 0.1, 11.136220306588958
0.05, 0.35, 0.15, 12.013970580939322
0.05, 0.35, 0.2, 13.266165881564977
0.05, 0.35, 0.25, 14.005828962791519
0.05, 0.35, 0.3, 15.153304066405568
0.05, 0.35, 0.35, 16.29117894798192
0.05, 0.35, 0.4, 18.942237701103274
0.05, 0.35, 0.45, 20.50577213586631
0.05, 0.35, 0.5, 23.4141660686477
0.05, 0.35, 0.55, 26.132106118720294
0.05, 0.35, 0.6, 29.010762325960204
0.05, 0.35, 0.65, 31.917879797799053
0.05, 0.35, 0.7, 35.01697109328694
0.05, 0.35, 0.75, 38.024965297112495
0.05, 0.35, 0.8, 41.03047820273611
0.05, 0.35, 0.85, 36.97881295877669
0.05, 0.35, 0.9, 40.10695733318438
0.05, 0.35, 0.95, 42.699294740597495
0.05, 0.35, 1, 46.37121945304943
0.05, 0.35, 1.05, 48.78878974242726
0.05, 0.35, 1.1, 52.71250272331366
0.05, 0.4, 0, 12.041196231253096
0.05, 0.4, 0.05, 11.703088328663323
0.05, 0.4, 0.1, 11.847173242086225
0.05, 0.4, 0.15, 12.716571975401335
0.05, 0.4, 0.2, 13.175259423854722
0.05, 0.4, 0.25, 14.807669877609431
0.05, 0.4, 0.3, 15.767085064963048
0.05, 0.4, 0.35, 17.679981747238788
0.05, 0.4, 0.4, 19.813348350555415
0.05, 0.4, 0.45, 22.380301838228526
0.05, 0.4, 0.5, 25.02400133386181
0.05, 0.4, 0.55, 27.856771087346843
0.05, 0.4, 0.6, 31.277691345987524
0.05, 0.4, 0.65, 33.604060112699834
0.05, 0.4, 0.7, 36.35012364698017
0.05, 0.4, 0.75, 38.78249593776737
0.05, 0.4, 0.8, 42.17941896840752
0.05, 0.4, 0.85, 44.45075240850462
0.05, 0.4, 0.9, 48.12270535316541
0.05, 0.4, 0.95, 43.1936678008962
0.05, 0.4, 1, 46.29568608602747
0.05, 0.4, 1.05, 50.361662871383245
0.05, 0.4, 1.1, 52.7256449281958
0.05, 0.45, 0, 12.333957305164898
0.05, 0.45, 0.05, 12.172837985228458
0.05, 0.45, 0.1, 12.688857415919214
0.05, 0.45, 0.15, 13.390647301054923
0.05, 0.45, 0.2, 14.319666015121879
0.05, 0.45, 0.25, 15.78186129437481
0.05, 0.45, 0.3, 16.681630883142006
0.05, 0.45, 0.35, 18.92058927974777
0.05, 0.45, 0.4, 21.3826711438193
0.05, 0.45, 0.45, 23.756481459714596
0.05, 0.45, 0.5, 26.43291202038189
0.05, 0.45, 0.55, 29.42109354556475
0.05, 0.45, 0.6, 31.432326072247395
0.05, 0.45, 0.65, 34.026852656073366
0.05, 0.45, 0.7, 35.709601835575974
0.05, 0.45, 0.75, 38.76529486740077
0.05, 0.45, 0.8, 41.93876110392882
0.05, 0.45, 0.85, 44.59124811320176
0.05, 0.45, 0.9, 48.19219270295389
0.05, 0.45, 0.95, 51.41993176235744
0.05, 0.45, 1, 51.32525258617314
0.05, 0.45, 1.05, 50.484871672820745
0.05, 0.45, 1.1, 52.45635394137299
0.05, 0.5, 0, 13.728560465032817
0.05, 0.5, 0.05, 11.8540872078522
0.05, 0.5, 0.1, 13.098553853255545
0.05, 0.5, 0.15, 13.607199645531095
0.05, 0.5, 0.2, 14.342484391207112
0.05, 0.5, 0.25, 16.019270696759314
0.05, 0.5, 0.3, 18.248291016676088
0.05, 0.5, 0.35, 20.473887834693148
0.05, 0.5, 0.4, 22.679442317835772
0.05, 0.5, 0.45, 25.293547062981613
0.05, 0.5, 0.5, 28.128157307869692
0.05, 0.5, 0.55, 29.60474438109093
0.05, 0.5, 0.6, 31.462886686014528
0.05, 0.5, 0.65, 33.7634389731269
0.05, 0.5, 0.7, 36.248385665857064
0.05, 0.5, 0.75, 38.11732754942363
0.05, 0.5, 0.8, 41.18282298530304
0.05, 0.5, 0.85, 44.20927345573728
0.05, 0.5, 0.9, 47.50691888982882
0.05, 0.5, 0.95, 51.427816776290115
0.05, 0.5, 1, 55.69736653742362
0.05, 0.5, 1.05, 60.06274089431346
0.05, 0.5, 1.1, 54.32685190199109
0.05, 0.55, 0, 13.497520045547358
0.05, 0.55, 0.05, 13.086669612110512
0.05, 0.55, 0.1, 13.183710505241105
0.05, 0.55, 0.15, 13.420478718146658
0.05, 0.55, 0.2, 15.935015497459627
0.05, 0.55, 0.25, 17.915839271318433
0.05, 0.55, 0.3, 19.604869341494776
0.05, 0.55, 0.35, 21.674209664077566
0.05, 0.55, 0.4, 24.153002859217338
0.05, 0.55, 0.45, 26.39169565681713
0.05, 0.55, 0.5, 27.864593666002047
0.05, 0.55, 0.55, 30.004655921244858
0.05, 0.55, 0.6, 31.872253244881072
0.05, 0.55, 0.65, 33.836265509965685
0.05, 0.55, 0.7, 36.506998392937255
0.05, 0.55, 0.75, 39.35039269635472
0.05, 0.55, 0.8, 42.0002811998687
0.05, 0.55, 0.85, 45.69823835450433
0.05, 0.55, 0.9, 47.90044905021383
0.05, 0.55, 0.95, 51.71984567137431
0.05, 0.55, 1, 55.20349274859269
0.05, 0.55, 1.05, 58.810289792819916
0.05, 0.55, 1.1, 64.07267989604179
0.05, 0.6, 0, 14.280327225995435
0.05, 0.6, 0.05, 13.883307010141436
0.05, 0.6, 0.1, 14.585964299683038
0.05, 0.6, 0.15, 15.951604208986947
0.05, 0.6, 0.2, 17.09048429951251
0.05, 0.6, 0.25, 19.03767540185183
0.05, 0.6, 0.3, 20.905880750535943
0.05, 0.6, 0.35, 23.02188512990072
0.05, 0.6, 0.4, 25.3300685150472
0.05, 0.6, 0.45, 26.47472771162451
0.05, 0.6, 0.5, 28.04957765347137
0.05, 0.6, 0.55, 30.47436250766168
0.05, 0.6, 0.6, 32.17258189394973
0.05, 0.6, 0.65, 33.412887755988365
0.05, 0.6, 0.7, 36.633306306317934
0.05, 0.6, 0.75, 38.607815887833645
0.05, 0.6, 0.8, 42.02900709316882
0.05, 0.6, 0.85, 44.53274090591137
0.05, 0.6, 0.9, 47.92511832259743
0.05, 0.6, 0.95, 51.225361985895866
0.05, 0.6, 1, 56.117274531722465
0.05, 0.6, 1.05, 60.60850258649951
0.05, 0.6, 1.1, 65.04610105033105
0.05, 0.65, 0, 13.71103345769182
0.05, 0.65, 0.05, 14.251736041640815
0.05, 0.65, 0.1, 14.39161616636204
0.05, 0.65, 0.15, 16.750669834149413
0.05, 0.65, 0.2, 18.44495582399866
0.05, 0.65, 0.25, 20.325353382586716
0.05, 0.65, 0.3, 22.06440011958626
0.05, 0.65, 0.35, 24.91437297715587
0.05, 0.65, 0.4, 25.668364440510263
0.05, 0.65, 0.45, 26.776882557089344
0.05, 0.65, 0.5, 28.29987840327369
0.05, 0.65, 0.55, 30.25365559701177
0.05, 0.65, 0.6, 30.986999527404315
0.05, 0.65, 0.65, 34.10089072440358
0.05, 0.65, 0.7, 35.75518563663574
0.05, 0.65, 0.75, 39.334857114527324
0.05, 0.65, 0.8, 42.66661209213727
0.05, 0.65, 0.85, 44.50971270540043
0.05, 0.65, 0.9, 48.255597800413405
0.05, 0.65, 0.95, 51.90962648944251
0.05, 0.65, 1, 55.650771943909746
0.05, 0.65, 1.05, 59.23209633395741
0.05, 0.65, 1.1, 64.48213086376838
0.05, 0.7, 0, 13.844266180705947
0.05, 0.7, 0.05, 14.433607690311003
0.05, 0.7, 0.1, 15.672483163475846
0.05, 0.7, 0.15, 18.16172909009854
0.05, 0.7, 0.2, 19.79003674907527
0.05, 0.7, 0.25, 21.599484470408754
0.05, 0.7, 0.3, 23.689777021006712
0.05, 0.7, 0.35, 24.638480229966287
0.05, 0.7, 0.4, 25.937239546115322
0.05, 0.7, 0.45, 27.309617134705846
0.05, 0.7, 0.5, 28.463312469640687
0.05, 0.7, 0.55, 30.124409096420624
0.05, 0.7, 0.6, 31.34247125360201
0.05, 0.7, 0.65, 33.50897612167152
0.05, 0.7, 0.7, 36.039787367461294
0.05, 0.7, 0.75, 39.600161377803836
0.05, 0.7, 0.8, 41.17040039427621
0.05, 0.7, 0.85, 44.78364837832237
0.05, 0.7, 0.9, 48.310610129637034
0.05, 0.7, 0.95, 51.665336743583
0.05, 0.7, 1, 56.2624511943938
0.05, 0.7, 1.05, 59.778320695768976
0.05, 0.7, 1.1, 63.389591860672645
0.05, 0.75, 0, 15.980627308425467
0.05, 0.75, 0.05, 16.082144814613088
0.05, 0.75, 0.1, 18.289923663583437
0.05, 0.75, 0.15, 19.632771782221702
0.05, 0.75, 0.2, 20.884317290942747
0.05, 0.75, 0.25, 23.5890902053422
0.05, 0.75, 0.3, 24.042310543240998
0.05, 0.75, 0.35, 24.97906359905072
0.05, 0.75, 0.4, 25.65437555717541
0.05, 0.75, 0.45, 27.14526810642479
0.05, 0.75, 0.5, 28.921387515677914
0.05, 0.75, 0.55, 30.171766009222832
0.05, 0.75, 0.6, 31.673437169591185
0.05, 0.75, 0.65, 35.25269894913733
0.05, 0.75, 0.7, 36.685476229531815
0.05, 0.75, 0.75, 39.147276688426864
0.05, 0.75, 0.8, 41.93031681722561
0.05, 0.75, 0.85, 45.34072002928933
0.05, 0.75, 0.9, 48.31356034709248
0.05, 0.75, 0.95, 51.56292418259093
0.05, 0.75, 1, 55.716218083729665
0.05, 0.75, 1.05, 60.08286097421886
0.05, 0.75, 1.1, 63.492048325241676
0.05, 0.8, 0, 16.50071499174029
0.05, 0.8, 0.05, 17.85842458808567
0.05, 0.8, 0.1, 19.518026020864955
0.05, 0.8, 0.15, 20.750310677921128
0.05, 0.8, 0.2, 23.713529083723966
0.05, 0.8, 0.25, 23.763636478563
0.05, 0.8, 0.3, 24.229993461757104
0.05, 0.8, 0.35, 24.463367018868954
0.05, 0.8, 0.4, 26.624484178544332
0.05, 0.8, 0.45, 27.272900993423356
0.05, 0.8, 0.5, 27.990239088133055
0.05, 0.8, 0.55, 30.171368433187652
0.05, 0.8, 0.6, 32.07548553455668
0.05, 0.8, 0.65, 33.67240598256802
0.05, 0.8, 0.7, 36.48656378777071
0.05, 0.8, 0.75, 40.711795218497315
0.05, 0.8, 0.8, 42.030766696224795
0.05, 0.8, 0.85, 45.60537852207701
0.05, 0.8, 0.9, 48.51188969543087
0.05, 0.8, 0.95, 51.612750812950765
0.05, 0.8, 1, 55.412264479471034
0.05, 0.8, 1.05, 60.07020562109233
0.05, 0.8, 1.1, 63.56121675489743
0.05, 0.85, 0, 19.147716012216012
0.05, 0.85, 0.05, 19.360570235932204
0.05, 0.85, 0.1, 20.624420800364735
0.05, 0.85, 0.15, 22.012920645806318
0.05, 0.85, 0.2, 23.649268247247402
0.05, 0.85, 0.25, 23.78956096355101
0.05, 0.85, 0.3, 23.841934099169936
0.05, 0.85, 0.35, 24.4844525683471
0.05, 0.85, 0.4, 25.805242592372494
0.05, 0.85, 0.45, 27.43200505351972
0.05, 0.85, 0.5, 28.783499720826732
0.05, 0.85, 0.55, 30.27540601140324
0.05, 0.85, 0.6, 32.41389665681739
0.05, 0.85, 0.65, 33.76991261194279
0.05, 0.85, 0.7, 36.0569461831124
0.05, 0.85, 0.75, 38.28202444594255
0.05, 0.85, 0.8, 41.84615355199349
0.05, 0.85, 0.85, 46.1642887096694
0.05, 0.85, 0.9, 48.84511526541823
0.05, 0.85, 0.95, 52.357197881247274
0.05, 0.85, 1, 56.36617596849861
0.05, 0.85, 1.05, 59.93035136890359
0.05, 0.85, 1.1, 63.809961964196276
0.05, 0.9, 0, 19.677887204486026
0.05, 0.9, 0.05, 20.780516676548373
0.05, 0.9, 0.1, 21.76847194369158
0.05, 0.9, 0.15, 23.331637548592486
0.05, 0.9, 0.2, 24.12138908402439
0.05, 0.9, 0.25, 23.40253087359761
0.05, 0.9, 0.3, 23.770353065518105
0.05, 0.9, 0.35, 24.31715790620973
0.05, 0.9, 0.4, 26.102195304843107
0.05, 0.9, 0.45, 26.538994387992325
0.05, 0.9, 0.5, 28.665061329467136
0.05, 0.9, 0.55, 30.00823546711522
0.05, 0.9, 0.6, 32.50986850150104
0.05, 0.9, 0.65, 34.207474543793694
0.05, 0.9, 0.7, 36.696499026514736
0.05, 0.9, 0.75, 39.543130999059294
0.05, 0.9, 0.8, 42.043865197541685
0.05, 0.9, 0.85, 44.7216955624479
0.05, 0.9, 0.9, 48.65976729027896
0.05, 0.9, 0.95, 52.08018799146237
0.05, 0.9, 1, 56.93002466855845
0.05, 0.9, 1.05, 59.73946882211831
0.05, 0.9, 1.1, 64.31459775271435
0.05, 0.95, 0, 21.176180209356488
0.05, 0.95, 0.05, 21.96567643694171
0.05, 0.95, 0.1, 23.673541184549094
0.05, 0.95, 0.15, 22.98705799399489
0.05, 0.95, 0.2, 23.257063425174056
0.05, 0.95, 0.25, 23.936937142477575
0.05, 0.95, 0.3, 23.603161886867344
0.05, 0.95, 0.35, 25.108668860304128
0.05, 0.95, 0.4, 25.736755902781137
0.05, 0.95, 0.45, 27.822494545100838
0.05, 0.95, 0.5, 27.825618705642917
0.05, 0.95, 0.55, 31.03981023103635
0.05, 0.95, 0.6, 32.76080025643991
0.05, 0.95, 0.65, 34.77125908386718
0.05, 0.95, 0.7, 36.67864655322209
0.05, 0.95, 0.75, 39.09583317351621
0.05, 0.95, 0.8, 43.80339051770074
0.05, 0.95, 0.85, 46.032660971094295
0.05, 0.95, 0.9, 48.428573764427625
0.05, 0.95, 0.95, 52.21383290628291
0.05, 0.95, 1, 56.06889869401273
0.05, 0.95, 1.05, 60.3006364376785
0.05, 0.95, 1.1, 64.45369890400794
0.05, 1, 0, 22.187152649127157
0.05, 1, 0.05, 23.22822072574799
0.05, 1, 0.1, 24.141512663699693
0.05, 1, 0.15, 23.941232176361535
0.05, 1, 0.2, 23.839745338967596
0.05, 1, 0.25, 24.013339066624027
0.05, 1, 0.3, 24.379189946212144
0.05, 1, 0.35, 25.33307636994981
0.05, 1, 0.4, 25.36094697587397
0.05, 1, 0.45, 26.989995974200642
0.05, 1, 0.5, 30.49191527616459
0.05, 1, 0.55, 30.641688494902972
0.05, 1, 0.6, 32.759009731304765
0.05, 1, 0.65, 35.249729100801964
0.05, 1, 0.7, 38.49944603252639
0.05, 1, 0.75, 39.07746742075163
0.05, 1, 0.8, 42.23589766498181
0.05, 1, 0.85, 45.52531322826903
0.05, 1, 0.9, 49.216751098014264
0.05, 1, 0.95, 51.89005688106038
0.05, 1, 1, 56.35792703110035
0.05, 1, 1.05, 59.8252246724168
0.05, 1, 1.1, 65.07556436369921
