g, p, q, pore_AR
0.1, 0.05, 0, 2.9329066232039773
0.1, 0.05, 0.05, 2.9080639125624406
0.1, 0.05, 0.1, 2.9182030252270663
0.1, 0.05, 0.15, 2.8327628532711517
0.1, 0.05, 0.2, 2.7325950162408663
0.1, 0.05, 0.25, 2.7016557416973916
0.1, 0.05, 0.3, 2.557174878273836
0.1, 0.05, 0.35, 2.4575595744572487
0.1, 0.05, 0.4, 2.287862004274462
0.1, 0.05, 0.45, 2.1741821780682793
0.1, 0.05, 0.5, 1.99093129006557
0.1, 0.05, 0.55, 1.8404517694631473
0.1, 0.05, 0.6, 1.6835491755332372
0.1, 0.05, 0.65, 1.5100551937758415
0.1, 0.05, 0.7, 1.382321818107027
0.1, 0.05, 0.75, 1.2715138166951723
0.1, 0.05, 0.8, 1.1712059277307934
0.1, 0.05, 0.85, 1.1532659296021281
0.1, 0.05, 0.9, 1.0788400597432788
0.1, 0.05, 0.95, 1.0405508216526036
0.1, 0.05, 1, 1.029410722291306
0.1, 0.05, 1.05, 1.0505322423114132
0.1, 0.05, 1.1, 0.9649774789075211
0.15, 0.05, 0, 2.902845504754932
0.15, 0.05, 0.05, 3.6145474141892184
0.15, 0.05, 0.1, 3.274484782899891
0.15, 0.05, 0.15, 3.193447723480002
0.15, 0.05, 0.2, 3.066411367911172
0.15, 0.05, 0.25, 2.987590692074085
0.15, 0.05, 0.3, 2.8520791883176435
0.15, 0.05, 0.35, 2.7533956840419673
0.15, 0.05, 0.4, 2.540466586591138
0.15, 0.05, 0.45, 2.4112050688192475
0.15, 0.05, 0.5, 2.214561680910707
0.15, 0.05, 0.55, 2.0160953276465383
0.15, 0.05, 0.6, 1.8002612978705832
0.15, 0.05, 0.65, 1.6015483271328748
0.15, 0.05, 0.7, 1.3954072033932963
0.15, 0.05, 0.75, 1.3069930060619044
0.15, 0.05, 0.8, 1.2620481337232188
0.15, 0.05, 0.85, 1.1985342427014098
0.15, 0.05, 0.9, 1.0990772007292104
0.15, 0.05, 0.95, 1.03277214335404
0.15, 0.05, 1, 0.9927611862452389
0.15, 0.05, 1.05, 0.9972321983868652
0.15, 0.05, 1.1, 0.9873526478654878
0.2, 0.05, 0, 3.5367631622727207
0.2, 0.05, 0.05, 4.240261089157613
0.2, 0.05, 0.1, 4.163430394767114
0.2, 0.05, 0.15, 3.5569372651756153
0.2, 0.05, 0.2, 3.520438461839603
0.2, 0.05, 0.25, 3.443218860118011
0.2, 0.05, 0.3, 3.2999523766358956
0.2, 0.05, 0.35, 3.3201045658379567
0.2, 0.05, 0.4, 3.0167324965989932
0.2, 0.05, 0.45, 2.7542778435700295
0.2, 0.05, 0.5, 2.4407033883028033
0.2, 0.05, 0.55, 2.1826501291639007
0.2, 0.05, 0.6, 1.9152639467747834
0.2, 0.05, 0.65, 1.6574605956512636
0.2, 0.05, 0.7, 1.4804677215168314
0.2, 0.05, 0.75, 1.299797481091182
0.2, 0.05, 0.8, 1.1862595355951249
0.2, 0.05, 0.85, 1.1771626082637792
0.2, 0.05, 0.9, 1.0631891595677303
0.2, 0.05, 0.95, 1.0222560181616724
0.2, 0.05, 1, 1.0641112533771595
0.2, 0.05, 1.05, 0.9816568265455953
0.2, 0.05, 1.1, 0.9292144301230182
0.25, 0.05, 0, 4.615398054555518
0.25, 0.05, 0.05, 4.607156526075125
0.25, 0.05, 0.1, 4.717453507410817
0.25, 0.05, 0.15, 4.229145184789395
0.25, 0.05, 0.2, 4.458719200687521
0.25, 0.05, 0.25, 4.07839830592449
0.25, 0.05, 0.3, 3.9314678355226937
0.25, 0.05, 0.35, 3.854022341779987
0.25, 0.05, 0.4, 3.4596648282040943
0.25, 0.05, 0.45, 3.034064002975852
0.25, 0.05, 0.5, 2.6656861710356665
0.25, 0.05, 0.55, 2.2449466664499735
0.25, 0.05, 0.6, 1.9622439488982322
0.25, 0.05, 0.65, 1.6755222043029405
0.25, 0.05, 0.7, 1.4910258867169541
0.25, 0.05, 0.75, 1.3254701809332874
0.25, 0.05, 0.8, 1.2144322529919684
0.25, 0.05, 0.85, 1.1132738790202774
0.25, 0.05, 0.9, 1.043219336411864
0.25, 0.05, 0.95, 0.9967874961105961
0.25, 0.05, 1, 0.9722758156045873
0.25, 0.05, 1.05, 0.9388018045191174
0.25, 0.05, 1.1, 0.9240919331012515
0.3, 0.05, 0, 5.35511125374239
0.3, 0.05, 0.05, 5.2246454158659885
0.3, 0.05, 0.1, 5.043867699622439
0.3, 0.05, 0.15, 5.071735194382403
0.3, 0.05, 0.2, 5.266012426236108
0.3, 0.05, 0.25, 4.885361881822267
0.3, 0.05, 0.3, 4.663454722995191
0.3, 0.05, 0.35, 4.30299328189712
0.3, 0.05, 0.4, 3.8500244518093503
0.3, 0.05, 0.45, 3.2731564407344567
0.3, 0.05, 0.5, 2.7163414480271046
0.3, 0.05, 0.55, 2.3180345133707734
0.3, 0.05, 0.6, 1.929027818961545
0.3, 0.05, 0.65, 1.6365038702653218
0.3, 0.05, 0.7, 1.4091795898026551
0.3, 0.05, 0.75, 1.2531591452248037
0.3, 0.05, 0.8, 1.1535374277841652
0.3, 0.05, 0.85, 1.070571607877876
0.3, 0.05, 0.9, 1.041691908500156
0.3, 0.05, 0.95, 0.9666024114650326
0.3, 0.05, 1, 0.9601043392866344
0.3, 0.05, 1.05, 0.9422371119086395
0.3, 0.05, 1.1, 0.9174587168768539
0.35, 0.05, 0, 5.735537811607934
0.35, 0.05, 0.05, 5.768447545688751
0.35, 0.05, 0.1, 5.797461745321175
0.35, 0.05, 0.15, 5.935048680880988
0.35, 0.05, 0.2, 5.7722639948000145
0.35, 0.05, 0.25, 5.633184606763452
0.35, 0.05, 0.3, 5.179100968920421
0.35, 0.05, 0.35, 4.835063085633364
0.35, 0.05, 0.4, 4.036514639857871
0.35, 0.05, 0.45, 3.364092729239702
0.35, 0.05, 0.5, 2.796385438769407
0.35, 0.05, 0.55, 2.270531300131517
0.35, 0.05, 0.6, 1.888479477136265
0.35, 0.05, 0.65, 1.5931682406545398
0.35, 0.05, 0.7, 1.3157056030571075
0.35, 0.05, 0.75, 1.2004030873022082
0.35, 0.05, 0.8, 1.128559624978183
0.35, 0.05, 0.85, 1.036171119465904
0.35, 0.05, 0.9, 1.005850466077202
0.35, 0.05, 0.95, 0.9565397204183199
0.35, 0.05, 1, 0.925288549270447
0.35, 0.05, 1.05, 0.9097774310543515
0.35, 0.05, 1.1, 0.8978480258210727
0.4, 0.05, 0, 6.499208462146477
0.4, 0.05, 0.05, 6.543791753857461
0.4, 0.05, 0.1, 6.657731920790803
0.4, 0.05, 0.15, 6.537201495549501
0.4, 0.05, 0.2, 6.599015099492875
0.4, 0.05, 0.25, 6.185980110205236
0.4, 0.05, 0.3, 5.728622091341715
0.4, 0.05, 0.35, 4.853478171914192
0.4, 0.05, 0.4, 4.077912490768781
0.4, 0.05, 0.45, 3.234357093788995
0.4, 0.05, 0.5, 2.5367823986649687
0.4, 0.05, 0.55, 1.970301684593294
0.4, 0.05, 0.6, 1.4562375520630473
0.4, 0.05, 0.65, 1.0641888308246221
0.4, 0.05, 0.7, 1.212823749199656
0.4, 0.05, 0.75, 1.144254432362079
0.4, 0.05, 0.8, 0.9628508170176892
0.4, 0.05, 0.85, 0.8591284934626675
0.4, 0.05, 0.9, 0.7919578033703664
0.4, 0.05, 0.95, 0.9207204847742049
0.4, 0.05, 1, 0.9019864729468008
0.4, 0.05, 1.05, 0.8842860316138207
0.4, 0.05, 1.1, 0.8610809957005261
0.45, 0.05, 0, 7.009172315506571
0.45, 0.05, 0.05, 7.109763491629928
0.45, 0.05, 0.1, 7.400161021256853
0.45, 0.05, 0.15, 7.179222698372975
0.45, 0.05, 0.2, 7.279206543472172
0.45, 0.05, 0.25, 6.330631418626903
0.45, 0.05, 0.3, 5.731949275655696
0.45, 0.05, 0.35, 4.8108598609506315
0.45, 0.05, 0.4, 3.643632670241806
0.45, 0.05, 0.45, 2.7464786827170897
0.45, 0.05, 0.5, 1.9986089723029776
0.45, 0.05, 0.55, 1.3426895633019265
0.45, 0.05, 0.6, 1.2820249876143996
0.45, 0.05, 0.65, 1.032291299021354
0.45, 0.05, 0.7, 1.3543623057683802
0.45, 0.05, 0.75, 0.8745843214184854
0.45, 0.05, 0.8, 0.9839644071598775
0.45, 0.05, 0.85, 1.0282585620279077
0.45, 0.05, 0.9, 0.8044767441988163
0.45, 0.05, 0.95, 0.7418281790209041
0.45, 0.05, 1, 0.9393950241586349
0.45, 0.05, 1.05, 0.8611197761710709
0.45, 0.05, 1.1, 0.849959829734756
0.5, 0.05, 0, 7.7241793068114095
0.5, 0.05, 0.05, 7.758041535200425
0.5, 0.05, 0.1, 8.085069918601722
0.5, 0.05, 0.15, 7.921631682949718
0.5, 0.05, 0.2, 7.070515591951118
0.5, 0.05, 0.25, 6.577190275473216
0.5, 0.05, 0.3, 5.667963420962431
0.5, 0.05, 0.35, 4.127585106290947
0.5, 0.05, 0.4, 3.0124017206968214
0.5, 0.05, 0.45, 2.037396782689538
0.5, 0.05, 0.5, 1.4079653895389055
0.5, 0.05, 0.55, 1.2897078209550066
0.5, 0.05, 0.6, 1.1103054627440634
0.5, 0.05, 0.65, 0.9575916385485667
0.5, 0.05, 0.7, 1.1382316785470414
0.5, 0.05, 0.75, 0.7998791571608702
0.5, 0.05, 0.8, 0.7898038563180141
0.5, 0.05, 0.85, 0.7675272776286078
0.5, 0.05, 0.9, 0.8881974242069083
0.5, 0.05, 0.95, 0.6148762520536329
0.5, 0.05, 1, 1.0954862786647694
0.5, 0.05, 1.05, 0.8560751557221568
0.5, 0.05, 1.1, 0.839962097084054
0.55, 0.05, 0, 7.99640977204046
0.55, 0.05, 0.05, 8.485262365564363
0.55, 0.05, 0.1, 8.298750026065077
0.55, 0.05, 0.15, 8.064359990930035
0.55, 0.05, 0.2, 7.531362537665714
0.55, 0.05, 0.25, 6.173880971058997
0.55, 0.05, 0.3, 4.709725080191471
0.55, 0.05, 0.35, 3.3112903576893733
0.55, 0.05, 0.4, 2.2064725785564008
0.55, 0.05, 0.45, 1.7651795819777583
0.55, 0.05, 0.5, 1.582344710745099
0.55, 0.05, 0.55, 1.5622836059871583
0.55, 0.05, 0.6, 1.1688517406815415
0.55, 0.05, 0.65, 1.3610508521485267
0.55, 0.05, 0.7, 1.1150351171065447
0.55, 0.05, 0.75, 0.9947726145464147
0.55, 0.05, 0.8, 0.7604077670571678
0.55, 0.05, 0.85, 0.7873140140528866
0.55, 0.05, 0.9, 0.7998558988238684
0.55, 0.05, 0.95, 1.0785095085429837
0.55, 0.05, 1, 0.8733462300468707
0.55, 0.05, 1.05, 1.1043700900913758
0.55, 0.05, 1.1, 0.7743913493493109
0.6, 0.05, 0, 8.32362371807175
0.6, 0.05, 0.05, 8.686529587256969
0.6, 0.05, 0.1, 8.72991807126308
0.6, 0.05, 0.15, 8.439418950165281
0.6, 0.05, 0.2, 7.235180251566344
0.6, 0.05, 0.25, 5.214939988857731
0.6, 0.05, 0.3, 3.7048662110593042
0.6, 0.05, 0.35, 2.44570084813346
0.6, 0.05, 0.4, 1.5039287399203558
0.6, 0.05, 0.45, 1.7518607541076439
0.6, 0.05, 0.5, 1.3397873323487117
0.6, 0.05, 0.55, 1.3247809421525445
0.6, 0.05, 0.6, 1.403529958644778
0.6, 0.05, 0.65, 1.0378631543363754
0.6, 0.05, 0.7, 0.8089646642236523
0.6, 0.05, 0.75, 0.9887355932906161
0.6, 0.05, 0.8, 0.7656000784450524
0.6, 0.05, 0.85, 1.0324209865520841
0.6, 0.05, 0.9, 0.8376912622936065
0.6, 0.05, 0.95, 0.4939128844873415
0.6, 0.05, 1, 0.7537288604044219
0.6, 0.05, 1.05, 0.5957354945518
0.6, 0.05, 1.1, 0.6715233230710353
0.65, 0.05, 0, 8.922928849939048
0.65, 0.05, 0.05, 8.72573573395107
0.65, 0.05, 0.1, 9.103729259649418
0.65, 0.05, 0.15, 8.072902787415364
0.65, 0.05, 0.2, 5.949725990164132
0.65, 0.05, 0.25, 4.084363834543737
0.65, 0.05, 0.3, 2.688541039568023
0.65, 0.05, 0.35, 1.633225530842581
0.65, 0.05, 0.4, 2.185253499558253
0.65, 0.05, 0.45, 2.070602348050966
0.65, 0.05, 0.5, 1.7903182010882785
0.65, 0.05, 0.55, 1.2525837642149147
0.65, 0.05, 0.6, 0.9807400097541659
0.65, 0.05, 0.65, 0.9704099954385249
0.65, 0.05, 0.7, 0.9494566468580206
0.65, 0.05, 0.75, 0.8852876997655637
0.65, 0.05, 0.8, 0.9415450568757422
0.65, 0.05, 0.85, 1.0074301387095506
0.65, 0.05, 0.9, 0.7167451167291867
0.65, 0.05, 0.95, 0.8464904346967527
0.65, 0.05, 1, 0.772221016343879
0.65, 0.05, 1.05, 0.9946328773895111
0.65, 0.05, 1.1, 0.7308708913812978
0.7, 0.05, 0, 9.290743884632924
0.7, 0.05, 0.05, 9.596637938861145
0.7, 0.05, 0.1, 9.026868134633073
0.7, 0.05, 0.15, 6.550997042824796
0.7, 0.05, 0.2, 4.532772624161236
0.7, 0.05, 0.25, 3.0480740226579295
0.7, 0.05, 0.3, 1.6841520840583344
0.7, 0.05, 0.35, 1.5842408568180137
0.7, 0.05, 0.4, 2.0270011386086204
0.7, 0.05, 0.45, 1.5417924532695084
0.7, 0.05, 0.5, 1.0082733645664208
0.7, 0.05, 0.55, 1.175059702130174
0.7, 0.05, 0.6, 1.0461058619072985
0.7, 0.05, 0.65, 0.8301784732082201
0.7, 0.05, 0.7, 0.9491403831708835
0.7, 0.05, 0.75, 0.7230478044582489
0.7, 0.05, 0.8, 0.8987899791860923
0.7, 0.05, 0.85, 0.8951302035883522
0.7, 0.05, 0.9, 0.6104389413342449
0.7, 0.05, 0.95, 0.9289557870196742
0.7, 0.05, 1, 0.8756787108202446
0.7, 0.05, 1.05, 0.7554487947937234
0.7, 0.05, 1.1, 0.6770898103193757
0.75, 0.05, 0, 9.246363609531237
0.75, 0.05, 0.05, 9.432577636316896
0.75, 0.05, 0.1, 7.660997195210106
0.75, 0.05, 0.15, 5.115310540373696
0.75, 0.05, 0.2, 3.6275443929955027
0.75, 0.05, 0.25, 1.5280069091314787
0.75, 0.05, 0.3, 1.7293401163414535
0.75, 0.05, 0.35, 1.889882523793245
0.75, 0.05, 0.4, 1.3298285270648642
0.75, 0.05, 0.45, 1.9517748359729574
0.75, 0.05, 0.5, 0.774076462664622
0.75, 0.05, 0.55, 0.9162050592497045
0.75, 0.05, 0.6, 0.8870089139263344
0.75, 0.05, 0.65, 0.8352201752973957
0.75, 0.05, 0.7, 1.0412975844709333
0.75, 0.05, 0.75, 0.9865541346548911
0.75, 0.05, 0.8, 1.0451518505906734
0.75, 0.05, 0.85, 1.172656943681694
0.75, 0.05, 0.9, 0.7889802528838815
0.75, 0.05, 0.95, 0.751648046004414
0.75, 0.05, 1, 0.8542738248382218
0.75, 0.05, 1.05, 0.8105557025536386
0.75, 0.05, 1.1, 0.79729957089615
0.8, 0.05, 0, 9.317182213528248
0.8, 0.05, 0.05, 8.241224700038652
0.8, 0.05, 0.1, 5.752523425477263
0.8, 0.05, 0.15, 4.026682233978947
0.8, 0.05, 0.2, 2.3093114214541903
0.8, 0.05, 0.25, 1.794404929386259
0.8, 0.05, 0.3, 1.7144197573219668
0.8, 0.05, 0.35, 1.4932609709794291
0.8, 0.05, 0.4, 1.3791073427313116
0.8, 0.05, 0.45, 1.1589477262424699
0.8, 0.05, 0.5, 0.6538971356364769
0.8, 0.05, 0.55, 0.71027038008355
0.8, 0.05, 0.6, 0.7540481357908717
0.8, 0.05, 0.65, 0.8699850373550643
0.8, 0.05, 0.7, 0.45134905044045426
0.8, 0.05, 0.75, 0.921033587439109
0.8, 0.05, 0.8, 0.9861368979436116
0.8, 0.05, 0.85, 0.9358417382651351
0.8, 0.05, 0.9, 1.009168949861888
0.8, 0.05, 0.95, 0.8393548853363064
0.8, 0.05, 1, 0.607068155616922
0.8, 0.05, 1.05, 0.7028664762208484
0.8, 0.05, 1.1, 0.50621125304001
0.85, 0.05, 0, 8.40582429915806
0.85, 0.05, 0.05, 6.784801754563733
0.85, 0.05, 0.1, 4.565977971629806
0.85, 0.05, 0.15, 3.0139199333711533
0.85, 0.05, 0.2, 2.0638345377102683
0.85, 0.05, 0.25, 2.2221231929956557
0.85, 0.05, 0.3, 1.5422080447274384
0.85, 0.05, 0.35, 1.8803797307045005
0.85, 0.05, 0.4, 1.4553480188106829
0.85, 0.05, 0.45, 1.344015784110213
0.85, 0.05, 0.5, 0.9464025086804251
0.85, 0.05, 0.55, 0.97544872693572
0.85, 0.05, 0.6, 1.029096529098657
0.85, 0.05, 0.65, 0.9820575445146861
0.85, 0.05, 0.7, 0.7931380025113459
0.85, 0.05, 0.75, 0.8622844149569473
0.85, 0.05, 0.8, 0.8628039599383064
0.85, 0.05, 0.85, 0.840243949450709
0.85, 0.05, 0.9, 0.7107918884473804
0.85, 0.05, 0.95, 0.6708337884008995
0.85, 0.05, 1, 0.697388238108593
0.85, 0.05, 1.05, 0.5404810296640039
0.85, 0.05, 1.1, 0.7873398843013603
0.9, 0.05, 0, 7.513708314908105
0.9, 0.05, 0.05, 5.165594186611167
0.9, 0.05, 0.1, 3.5873531468993645
0.9, 0.05, 0.15, 1.5846100266138685
0.9, 0.05, 0.2, 1.8447491858111542
0.9, 0.05, 0.25, 1.9516820862921196
0.9, 0.05, 0.3, 1.6462754670629722
0.9, 0.05, 0.35, 1.7126584720442883
0.9, 0.05, 0.4, 1.230306668737729
0.9, 0.05, 0.45, 1.4458670871161752
0.9, 0.05, 0.5, 1.0227860714892218
0.9, 0.05, 0.55, 1.0955643200944345
0.9, 0.05, 0.6, 0.8428632510815203
0.9, 0.05, 0.65, 0.8844175784165549
0.9, 0.05, 0.7, 0.9031098988062966
0.9, 0.05, 0.75, 0.8372401560467702
0.9, 0.05, 0.8, 0.8856952681819893
0.9, 0.05, 0.85, 0.5928282896243816
0.9, 0.05, 0.9, 0.6513202229326628
0.9, 0.05, 0.95, 0.7644848916260776
0.9, 0.05, 1, 0.6086674318831948
0.9, 0.05, 1.05, 0.6883252002396868
0.9, 0.05, 1.1, 0.639909801357848
0.95, 0.05, 0, 5.8243130990230485
0.95, 0.05, 0.05, 4.058656519615225
0.95, 0.05, 0.1, 1.6630972654893068
0.95, 0.05, 0.15, 2.2461094010566316
0.95, 0.05, 0.2, 1.857512554367008
0.95, 0.05, 0.25, 1.9734705463596347
0.95, 0.05, 0.3, 1.5832754668232858
0.95, 0.05, 0.35, 1.148276817757539
0.95, 0.05, 0.4, 0.8554919531854313
0.95, 0.05, 0.45, 1.0505748261994332
0.95, 0.05, 0.5, 0.9496954008066304
0.95, 0.05, 0.55, 0.8038667494832686
0.95, 0.05, 0.6, 0.9755558728142838
0.95, 0.05, 0.65, 0.9901807856186297
0.95, 0.05, 0.7, 1.0238588759087075
0.95, 0.05, 0.75, 0.7359465831177121
0.95, 0.05, 0.8, 1.0611531810880994
0.95, 0.05, 0.85, 1.0934559954046008
0.95, 0.05, 0.9, 0.8817774353871421
0.95, 0.05, 0.95, 0.7948127529635383
0.95, 0.05, 1, 1.1043232541894612
0.95, 0.05, 1.05, 1.0015982218202086
0.95, 0.05, 1.1, 0.738174749669044
1, 0.05, 0, 4.605355587824931
1, 0.05, 0.05, 2.9935868487038935
1, 0.05, 0.1, 1.788749318189161
1, 0.05, 0.15, 1.8188817824983514
1, 0.05, 0.2, 2.3941934325055008
1, 0.05, 0.25, 1.6329664088076992
1, 0.05, 0.3, 1.616319946477026
1, 0.05, 0.35, 1.089979907777685
1, 0.05, 0.4, 1.2584553829486782
1, 0.05, 0.45, 0.9463488506891302
1, 0.05, 0.5, 0.880673635139966
1, 0.05, 0.55, 0.8549160824218491
1, 0.05, 0.6, 0.9878052299161438
1, 0.05, 0.65, 0.7611478212684274
1, 0.05, 0.7, 0.8340669180455331
1, 0.05, 0.75, 0.9658305890804877
1, 0.05, 0.8, 1.1709159628323764
1, 0.05, 0.85, 0.5562303348711346
1, 0.05, 0.9, 0.7661511334414204
1, 0.05, 0.95, 0.5510345469441875
1, 0.05, 1, 0.7943638062004763
1, 0.05, 1.05, 1.0955873150582425
1, 0.05, 1.1, 0.6050762917626616
