s, q, Energy
0.025, 0.3, 23.26317990401638
0.025, 0.4, 24.868347505645048
0.025, 0.5, 27.486358308211262
0.025, 0.6, 31.092028128971382
0.025, 0.7, 35.67319701039281
0.025, 0.8, 41.28276338477073
0.05, 0.3, 23.26593927428555
0.05, 0.4, 24.90518902449729
0.05, 0.5, 27.509370997648137
0.05, 0.6, 31.182613636592112
0.05, 0.7, 35.67759157756802
0.05, 0.8, 41.586447759463965
0.075, 0.3, 23.25481867879222
0.075, 0.4, 24.917380525388882
0.075, 0.5, 27.538604721408547
0.075, 0.6, 31.160665819432335
0.075, 0.7, 35.77532361261907
0.075, 0.8, 41.42252258017622
0.1, 0.3, 23.3243795537499
0.1, 0.4, 24.956559292932315
0.1, 0.5, 27.55855517987237
0.1, 0.6, 31.181607297644284
0.1, 0.7, 35.789970045648346
0.1, 0.8, 41.465701188715904
0.125, 0.3, 23.23421755957686
0.125, 0.4, 24.899511978305327
0.125, 0.5, 27.544897016740336
0.125, 0.6, 31.18131634373461
0.125, 0.7, 35.83522770111611
0.125, 0.8, 41.38573934235888
0.15, 0.3, 23.16563023500789
0.15, 0.4, 24.85616248752061
0.15, 0.5, 27.521714381681242
0.15, 0.6, 31.16073059536309
0.15, 0.7, 35.60997034430955
0.15, 0.8, 41.40895210212248
0.175, 0.3, 22.8561251940356
0.175, 0.4, 24.674222772192703
0.175, 0.5, 27.305871652088385
0.175, 0.6, 30.998139939317717
0.175, 0.7, 35.52781133330383
0.175, 0.8, 41.29176285950191
0.2, 0.3, 22.619375364692498
0.2, 0.4, 24.45404312317005
0.2, 0.5, 27.208904586209393
0.2, 0.6, 30.9050993194286
0.2, 0.7, 35.63213391888685
0.2, 0.8, 41.15138641189459
0.225, 0.3, 22.463531011985935
0.225, 0.4, 24.301357647332523
0.225, 0.5, 27.07762548640523
0.225, 0.6, 30.825949109947953
0.225, 0.7, 35.54238912660079
0.225, 0.8, 41.01684575458286
0.25, 0.3, 22.190355002296666
0.25, 0.4, 24.10210494984007
0.25, 0.5, 26.941712436226616
0.25, 0.6, 30.713181280340283
0.25, 0.7, 35.43599516726773
0.25, 0.8, 40.887805580736305
0.275, 0.3, 22.294080168778212
0.275, 0.4, 24.205204417296926
0.275, 0.5, 27.02834772619706
0.275, 0.6, 30.808382991040897
0.275, 0.7, 35.32511132810097
0.275, 0.8, 41.1564734481162
0.3, 0.3, 22.002489063104978
0.3, 0.4, 23.973416305116466
0.3, 0.5, 26.85045702075116
0.3, 0.6, 30.668028052634433
0.3, 0.7, 35.20728593940973
0.3, 0.8, 40.89230332234555
0.325, 0.3, 21.699911167249173
0.325, 0.4, 23.72964666963243
0.325, 0.5, 26.659573071742393
0.325, 0.6, 30.536748146719894
0.325, 0.7, 35.05759044580439
0.325, 0.8, 40.78369461278607
0.35, 0.3, 21.375755883246452
0.35, 0.4, 23.48014401640285
0.35, 0.5, 26.480380823159148
0.35, 0.6, 30.39199955876284
0.35, 0.7, 35.076049159904876
0.35, 0.8, 40.673744923357916
0.375, 0.3, 21.085184578928942
0.375, 0.4, 23.18688250500712
0.375, 0.5, 26.264975744092304
0.375, 0.6, 30.238750525387143
0.375, 0.7, 34.811329700758066
0.375, 0.8, 40.54066077020721
0.4, 0.3, 20.792225743749253
0.4, 0.4, 22.963412449927763
0.4, 0.5, 26.049312567429357
0.4, 0.6, 30.08844621114914
0.4, 0.7, 34.65945234184279
0.4, 0.8, 40.41360944991781
0.425, 0.3, 20.494854416075356
0.425, 0.4, 22.711468192969324
0.425, 0.5, 25.853795187936125
0.425, 0.6, 29.940731017064834
0.425, 0.7, 34.54530402384585
0.425, 0.8, 40.279481693576514
0.45, 0.3, 20.263596887877362
0.45, 0.4, 22.460303785728655
0.45, 0.5, 25.65293239635767
0.45, 0.6, 29.899534398375646
0.45, 0.7, 34.44076331398893
0.45, 0.8, 40.14159922450461
0.475, 0.3, 19.973850393529624
0.475, 0.4, 22.308865952538557
0.475, 0.5, 25.46917281193051
0.475, 0.6, 29.63190098585301
0.475, 0.7, 34.230678207944244
0.475, 0.8, 40.09047532674745
0.5, 0.3, 19.773713746945333
0.5, 0.4, 22.061149606942838
0.5, 0.5, 25.28292875920745
0.5, 0.6, 29.475513519980815
0.5, 0.7, 34.08892900071767
0.5, 0.8, 39.83281950179127
0.525, 0.3, 19.497010677815013
0.525, 0.4, 21.861635444108167
0.525, 0.5, 25.097041549683272
0.525, 0.6, 29.34447929035288
0.525, 0.7, 33.94078534832197
0.525, 0.8, 39.66133421042684
0.55, 0.3, 19.19265035609029
0.55, 0.4, 21.545332126786892
0.55, 0.5, 24.914062446999313
0.55, 0.6, 29.18795594548874
0.55, 0.7, 33.78635994042866
0.55, 0.8, 39.47164042336223
0.575, 0.3, 18.921366003306197
0.575, 0.4, 21.298146822398962
0.575, 0.5, 24.732981417941755
0.575, 0.6, 29.037277504597668
0.575, 0.7, 33.61951491522892
0.575, 0.8, 39.28547231309248
0.6, 0.3, 18.693462942893902
0.6, 0.4, 21.157083998716118
0.6, 0.5, 24.55332037603097
0.6, 0.6, 28.903611897692493
0.6, 0.7, 33.43494983701516
0.6, 0.8, 39.08986858722015
0.625, 0.3, 18.428591688514935
0.625, 0.4, 20.93790338933005
0.625, 0.5, 24.382090904186107
0.625, 0.6, 28.76360210900492
0.625, 0.7, 33.26372853762213
0.625, 0.8, 38.878994119528535
0.65, 0.3, 18.176318641882048
0.65, 0.4, 20.724239567875376
0.65, 0.5, 24.20151864386215
0.65, 0.6, 28.73650720632644
0.65, 0.7, 33.09271930927202
0.65, 0.8, 38.63715652686888
0.675, 0.3, 17.922049769861097
0.675, 0.4, 20.50709156358105
0.675, 0.5, 24.02575667498015
0.675, 0.6, 28.453657560807784
0.675, 0.7, 32.87076992271573
0.675, 0.8, 38.427282559809406
0.7, 0.3, 17.643416176636826
0.7, 0.4, 20.300506687444596
0.7, 0.5, 23.839152013909477
0.7, 0.6, 28.41422310030836
0.7, 0.7, 32.72429227445018
0.7, 0.8, 38.18607243078967
0.725, 0.3, 17.39665642585105
0.725, 0.4, 20.0719418303258
0.725, 0.5, 23.666208918857354
0.725, 0.6, 28.25111910497416
0.725, 0.7, 32.51386102746294
0.725, 0.8, 37.92907267179966
0.75, 0.3, 17.20119924285076
0.75, 0.4, 19.896289648556873
0.75, 0.5, 23.495875580070052
0.75, 0.6, 28.127651509364338
0.75, 0.7, 32.292098008684654
0.75, 0.8, 37.66552703673006
0.775, 0.3, 16.943587576623976
0.775, 0.4, 19.655704194394197
0.775, 0.5, 23.34028829997579
0.775, 0.6, 27.83042864156658
0.775, 0.7, 32.08580692825907
0.775, 0.8, 37.39597522282332
0.8, 0.3, 16.6649063469756
0.8, 0.4, 19.4604001890578
0.8, 0.5, 23.131472563996414
0.8, 0.6, 27.801753227816775
0.8, 0.7, 31.882814234333736
0.8, 0.8, 37.123910347452906
0.825, 0.3, 16.406068938583356
0.825, 0.4, 19.22898336056999
0.825, 0.5, 22.94315872076338
0.825, 0.6, 27.63908924577992
0.825, 0.7, 31.642334585944766
0.825, 0.8, 36.83420459132735
0.85, 0.3, 16.15615177929257
0.85, 0.4, 19.00703466982607
0.85, 0.5, 22.7664164364617
0.85, 0.6, 27.34261381134732
0.85, 0.7, 31.420586625145674
0.85, 0.8, 36.555774093938425
0.875, 0.3, 15.88995661407174
0.875, 0.4, 18.788243308105947
0.875, 0.5, 22.575641489088714
0.875, 0.6, 27.177846533474955
0.875, 0.7, 31.19298570662773
0.875, 0.8, 36.26923575203194
0.9, 0.3, 15.655416225128556
0.9, 0.4, 18.56642899438775
0.9, 0.5, 22.38369203646844
0.9, 0.6, 26.996055883871026
0.9, 0.7, 30.96901670766617
0.9, 0.8, 35.95780185911559
0.925, 0.3, 15.376903812384713
0.925, 0.4, 18.353811729135785
0.925, 0.5, 22.18865155517647
0.925, 0.6, 26.827863418106613
0.925, 0.7, 30.699597242771638
0.925, 0.8, 35.661067101389655
0.95, 0.3, 15.127433609129252
0.95, 0.4, 18.126491303014717
0.95, 0.5, 22.000837062047616
0.95, 0.6, 26.656964096019955
0.95, 0.7, 31.179248628607535
0.95, 0.8, 35.357091042333735
0.975, 0.3, 14.851723535899351
0.975, 0.4, 17.89381998761161
0.975, 0.5, 21.81367358815924
0.975, 0.6, 26.46199051143876
0.975, 0.7, 30.199484069973565
0.975, 0.8, 35.02131928252081
1.0, 0.3, 14.605714563350947
1.0, 0.4, 17.681241198123566
1.0, 0.5, 21.590243541097667
1.0, 0.6, 26.285917799028635
1.0, 0.7, 29.959490893411928
1.0, 0.8, 34.70909763523126
