s, q, Energy
0.025, 0.3, 23.29133120401639
0.025, 0.4, 24.89614060564505
0.025, 0.5, 27.513535008211264
0.025, 0.6, 31.118963028971375
0.025, 0.7, 35.705557310392805
0.025, 0.8, 41.31828348477073
0.05, 0.3, 23.32224187428555
0.05, 0.4, 24.960775324497284
0.05, 0.5, 27.563724497648145
0.05, 0.6, 31.23648343659211
0.05, 0.7, 35.742312177568024
0.05, 0.8, 41.657487959463964
0.075, 0.3, 23.33927257879222
0.075, 0.4, 25.000759925388877
0.075, 0.5, 27.620134921408543
0.075, 0.6, 31.24147051943234
0.075, 0.7, 35.87240451261906
0.075, 0.8, 41.52908288017622
0.1, 0.3, 23.43698485374989
0.1, 0.4, 25.067731892932308
0.1, 0.5, 27.667262179872377
0.1, 0.6, 31.28934689764429
0.1, 0.7, 35.919411245648355
0.1, 0.8, 41.6077816887159
0.125, 0.3, 23.374974159576844
0.125, 0.4, 25.038477678305334
0.125, 0.5, 27.68078071674034
0.125, 0.6, 31.315990843734614
0.125, 0.7, 35.99702920111611
0.125, 0.8, 41.56333994235887
0.15, 0.3, 23.334538135007882
0.15, 0.4, 25.02292138752062
0.15, 0.5, 27.684774881681246
0.15, 0.6, 31.322339995363087
0.15, 0.7, 35.80413224430955
0.15, 0.8, 41.62207280212247
0.175, 0.3, 23.05318439403559
0.175, 0.4, 24.868774772192694
0.175, 0.5, 27.49610885208839
0.175, 0.6, 31.186684239317724
0.175, 0.7, 35.75433353330383
0.175, 0.8, 41.54040365950192
0.2, 0.3, 22.844585864692494
0.2, 0.4, 24.676388223170047
0.2, 0.5, 27.42631858620941
0.2, 0.6, 31.1205785194286
0.2, 0.7, 35.89101641888685
0.2, 0.8, 41.4355473118946
0.225, 0.3, 22.716892811985936
0.225, 0.4, 24.551495947332516
0.225, 0.5, 27.32221618640522
0.225, 0.6, 31.068363209947922
0.225, 0.7, 35.83363192660079
0.225, 0.8, 41.33652675458284
0.25, 0.3, 22.471868202296676
0.25, 0.4, 24.38003634984007
0.25, 0.5, 27.213479936226623
0.25, 0.6, 30.982530280340292
0.25, 0.7, 35.75959826726772
0.25, 0.8, 41.24300668073629
0.275, 0.3, 22.603744668778205
0.275, 0.4, 24.51092901729693
0.275, 0.5, 27.327291926197052
0.275, 0.6, 31.104666891040893
0.275, 0.7, 35.68107472810097
0.275, 0.8, 41.547194648116196
0.3, 0.3, 22.34030486310497
0.3, 0.4, 24.306934005116453
0.3, 0.5, 27.176578020751155
0.3, 0.6, 30.991246852634422
0.3, 0.7, 35.595609639409716
0.3, 0.8, 41.31854472234554
0.325, 0.3, 22.065878267249165
0.325, 0.4, 24.090957569632433
0.325, 0.5, 27.0128707717424
0.325, 0.6, 30.886901946719885
0.325, 0.7, 35.478274445804395
0.325, 0.8, 41.24545611278606
0.35, 0.3, 21.76987428324645
0.35, 0.4, 23.869248016402842
0.35, 0.5, 26.860855323159146
0.35, 0.6, 30.769088258762828
0.35, 0.7, 35.52909345990487
0.35, 0.8, 41.17102652335791
0.375, 0.3, 21.50745427892893
0.375, 0.4, 23.60377960500711
0.375, 0.5, 26.672626944092304
0.375, 0.6, 30.64277412538714
0.375, 0.7, 35.29673430075807
0.375, 0.8, 41.07346247020721
0.4, 0.3, 21.242646843749245
0.4, 0.4, 23.40810274992777
0.4, 0.5, 26.484140567429364
0.4, 0.6, 30.51940471114913
0.4, 0.7, 35.17721724184278
0.4, 0.8, 40.981931249917814
0.425, 0.3, 20.973426816075357
0.425, 0.4, 23.18395159296933
0.425, 0.5, 26.315799887936116
0.425, 0.6, 30.398624417064838
0.425, 0.7, 35.09542922384585
0.425, 0.8, 40.88332359357652
0.45, 0.3, 20.77032058787736
0.45, 0.4, 22.960580385728658
0.45, 0.5, 26.142113796357673
0.45, 0.6, 30.384362698375643
0.45, 0.7, 35.02324891398893
0.45, 0.8, 40.7809612245046
0.475, 0.3, 20.508725393529623
0.475, 0.4, 22.836935652538568
0.475, 0.5, 25.985531011930508
0.475, 0.6, 30.143664185853012
0.475, 0.7, 34.84552410794425
0.475, 0.8, 40.76535742674745
0.5, 0.3, 20.336740046945327
0.5, 0.4, 22.61701250694284
0.5, 0.5, 25.826463659207466
0.5, 0.6, 30.014211619980813
0.5, 0.7, 34.73613520071767
0.5, 0.8, 40.54322180179127
0.525, 0.3, 20.088188277815007
0.525, 0.4, 22.44529144410818
0.525, 0.5, 25.66775324968325
0.525, 0.6, 29.91011229035288
0.525, 0.7, 34.62035184832199
0.525, 0.8, 40.40725661042685
0.55, 0.3, 19.811979356090276
0.55, 0.4, 22.1567812267869
0.55, 0.5, 25.511950846999312
0.55, 0.6, 29.78052384548873
0.55, 0.7, 34.498286740428654
0.55, 0.8, 40.25308292336223
0.575, 0.3, 19.568846303306202
0.575, 0.4, 21.937389122398958
0.575, 0.5, 25.35804661794175
0.575, 0.6, 29.656780304597664
0.575, 0.7, 34.36380201522891
0.575, 0.8, 40.10243491309247
0.6, 0.3, 19.3690945428939
0.6, 0.4, 21.824119398716114
0.6, 0.5, 25.205562276030964
0.6, 0.6, 29.550049597692485
0.6, 0.7, 34.21159723701516
0.6, 0.8, 39.94235128722016
0.625, 0.3, 19.13237458851494
0.625, 0.4, 21.63273198933005
0.625, 0.5, 25.061509604186103
0.625, 0.6, 29.43697470900493
0.625, 0.7, 34.07273623762213
0.625, 0.8, 39.76699691952853
0.65, 0.3, 18.908252841882046
0.65, 0.4, 21.446861267875377
0.65, 0.5, 24.90811404386215
0.65, 0.6, 29.43681470632644
0.65, 0.7, 33.93408730927202
0.65, 0.8, 39.56067942686888
0.675, 0.3, 18.682135269861092
0.675, 0.4, 21.25750646358105
0.675, 0.5, 24.75952887498016
0.675, 0.6, 29.180899960807785
0.675, 0.7, 33.74449822271573
0.675, 0.8, 39.38632555980941
0.7, 0.3, 18.431653076636827
0.7, 0.4, 21.078714687444595
0.7, 0.5, 24.600100913909472
0.7, 0.6, 29.16840040030837
0.7, 0.7, 33.63038087445019
0.7, 0.8, 39.18063563078967
0.725, 0.3, 18.213044625851047
0.725, 0.4, 20.8779429303258
0.725, 0.5, 24.454334618857363
0.725, 0.6, 29.032231304974164
0.725, 0.7, 33.452309927462935
0.725, 0.8, 38.95915597179966
0.75, 0.3, 18.045738742850766
0.75, 0.4, 20.730083948556874
0.75, 0.5, 24.31117798007006
0.75, 0.6, 28.935698609364344
0.75, 0.7, 33.26290730868466
0.75, 0.8, 38.731130436730055
0.775, 0.3, 17.816278376623973
0.775, 0.4, 20.517291594394194
0.775, 0.5, 24.18276749997579
0.775, 0.6, 28.665410641566584
0.775, 0.7, 33.08897652825907
0.775, 0.8, 38.497098722823324
0.8, 0.3, 17.5657484469756
0.8, 0.4, 20.349780789057792
0.8, 0.5, 24.001128463996416
0.8, 0.6, 28.663670127816783
0.8, 0.7, 32.91834413433375
0.8, 0.8, 38.260553947452905
0.825, 0.3, 17.33506233858336
0.825, 0.4, 20.146157060569987
0.825, 0.5, 23.83999142076337
0.825, 0.6, 28.52794104577993
0.825, 0.7, 32.71022478594476
0.825, 0.8, 38.00636829132734
0.85, 0.3, 17.113296579292573
0.85, 0.4, 19.952001569826077
0.85, 0.5, 23.690425836461696
0.85, 0.6, 28.25840051134731
0.85, 0.7, 32.520837125145675
0.85, 0.8, 37.76345789393842
0.875, 0.3, 16.875252714071745
0.875, 0.4, 19.76100330810595
0.875, 0.5, 23.52682758908871
0.875, 0.6, 28.120568133474954
0.875, 0.7, 32.325596506627726
0.875, 0.8, 37.512439652031944
0.9, 0.3, 16.66886362512856
0.9, 0.4, 19.566982094387757
0.9, 0.5, 23.36205493646844
0.9, 0.6, 27.965712383871033
0.9, 0.7, 32.13398780766617
0.9, 0.8, 37.23652595911559
0.925, 0.3, 16.418502512384716
0.925, 0.4, 19.382158029135784
0.925, 0.5, 23.19419115517647
0.925, 0.6, 27.824454818106627
0.925, 0.7, 31.896928642771638
0.925, 0.8, 36.97531130138967
0.95, 0.3, 16.197183609129244
0.95, 0.4, 19.182630703014713
0.95, 0.5, 23.03355346204762
0.95, 0.6, 27.680490396019945
0.95, 0.7, 32.40894032860754
0.95, 0.8, 36.70685534233376
0.975, 0.3, 15.94962483589935
0.975, 0.4, 18.977752587611615
0.975, 0.5, 22.87356668815924
0.975, 0.6, 27.51245181143877
0.975, 0.7, 31.461536069973562
0.975, 0.8, 36.40660368252081
1.0, 0.3, 15.73176726335095
1.0, 0.4, 18.792966898123566
1.0, 0.5, 22.677313441097667
1.0, 0.6, 27.363313999028627
1.0, 0.7, 31.253903193411933
1.0, 0.8, 36.12990213523126
